Total number of variables............................:     1900
                     variables with only lower bounds:        0
                variables with lower and upper bounds:      600
                     variables with only upper bounds:        0
Total number of equality constraints.................:     1300
Total number of inequality constraints...............:        0
        inequality constraints with only lower bounds:        0
   inequality constraints with lower and upper bounds:        0
        inequality constraints with only upper bounds:        0


Number of Iterations....: 9

                                   (scaled)                 (unscaled)
Objective...............:   8.6328033921801057e+02    1.7265606784360211e+07
Dual infeasibility......:   6.0665203100039798e+04    1.2133040620007961e+09
Constraint violation....:   2.4203317888713549e-03    2.4203317888713549e-03
Variable bound violation:   0.0000000000000000e+00    0.0000000000000000e+00
Complementarity.........:   1.6481215623531684e-01    3.2962431247063364e+03
Overall NLP error.......:   9.3142761125395227e+03    1.2133040620007961e+09


Number of objective function evaluations             = 10
Number of objective gradient evaluations             = 10
Number of equality constraint evaluations            = 10
Number of inequality constraint evaluations          = 0
Number of equality constraint Jacobian evaluations   = 10
Number of inequality constraint Jacobian evaluations = 0
Number of Lagrangian Hessian evaluations             = 9
Total seconds in IPOPT (w/o function evaluations)    =      0.025
Total seconds in NLP function evaluations            =      0.012


Timing Statistics:

OverallAlgorithm....................:      0.037 (sys:      0.000 wall:      0.037)
 PrintProblemStatistics.............:      0.000 (sys:      0.000 wall:      0.000)
 InitializeIterates.................:      0.004 (sys:      0.000 wall:      0.004)
 UpdateHessian......................:      0.009 (sys:      0.000 wall:      0.009)
 OutputIteration....................:      0.000 (sys:      0.000 wall:      0.000)
 UpdateBarrierParameter.............:      0.000 (sys:      0.000 wall:      0.000)
 ComputeSearchDirection.............:      0.020 (sys:      0.000 wall:      0.020)
 ComputeAcceptableTrialPoint........:      0.001 (sys:      0.000 wall:      0.001)
 AcceptTrialPoint...................:      0.000 (sys:      0.000 wall:      0.000)
 CheckConvergence...................:      0.003 (sys:      0.000 wall:      0.003)
PDSystemSolverTotal.................:      0.020 (sys:      0.000 wall:      0.020)
 PDSystemSolverSolveOnce............:      0.020 (sys:      0.000 wall:      0.020)
 ComputeResiduals...................:      0.000 (sys:      0.000 wall:      0.000)
 StdAugSystemSolverMultiSolve.......:      0.023 (sys:      0.000 wall:      0.023)
 LinearSystemScaling................:      0.000 (sys:      0.000 wall:      0.000)
 LinearSystemSymbolicFactorization..:      0.002 (sys:      0.000 wall:      0.002)
 LinearSystemFactorization..........:      0.000 (sys:      0.000 wall:      0.000)
 LinearSystemBackSolve..............:      0.003 (sys:      0.000 wall:      0.003)
 LinearSystemStructureConverter.....:      0.000 (sys:      0.000 wall:      0.000)
  LinearSystemStructureConverterInit:      0.000 (sys:      0.000 wall:      0.000)
QualityFunctionSearch...............:      0.000 (sys:      0.000 wall:      0.000)
TryCorrector........................:      0.000 (sys:      0.000 wall:      0.000)
Task1...............................:      0.000 (sys:      0.000 wall:      0.000)
Task2...............................:      0.000 (sys:      0.000 wall:      0.000)
Task3...............................:      0.000 (sys:      0.000 wall:      0.000)
Task4...............................:      0.000 (sys:      0.000 wall:      0.000)
Task5...............................:      0.000 (sys:      0.000 wall:      0.000)
Task6...............................:      0.000 (sys:      0.000 wall:      0.000)
Function Evaluations................:      0.012 (sys:      0.000 wall:      0.012)
 Objective function.................:      0.000 (sys:      0.000 wall:      0.000)
 Objective function gradient........:      0.000 (sys:      0.000 wall:      0.000)
 Equality constraints...............:      0.000 (sys:      0.000 wall:      0.000)
 Inequality constraints.............:      0.000 (sys:      0.000 wall:      0.000)
 Equality constraint Jacobian.......:      0.003 (sys:      0.000 wall:      0.003)
 Inequality constraint Jacobian.....:      0.000 (sys:      0.000 wall:      0.000)
 Lagrangian Hessian.................:      0.008 (sys:      0.000 wall:      0.008)

EXIT: Maximum Number of Iterations Exceeded.
Total number of variables............................:     1900
                     variables with only lower bounds:        0
                variables with lower and upper bounds:      600
                     variables with only upper bounds:        0
Total number of equality constraints.................:     1300
Total number of inequality constraints...............:        0
        inequality constraints with only lower bounds:        0
   inequality constraints with lower and upper bounds:        0
        inequality constraints with only upper bounds:        0


Number of Iterations....: 9

                                   (scaled)                 (unscaled)
Objective...............:   5.2301141661854979e+02    1.0435799567307994e+07
Dual infeasibility......:   3.9933480571221480e-02    7.9680440239834479e+02
Constraint violation....:   1.0831146579626250e-07    1.0831146579626250e-07
Variable bound violation:   0.0000000000000000e+00    0.0000000000000000e+00
Complementarity.........:   1.0037072845491192e-01    2.0027264631282387e+03
Overall NLP error.......:   6.3181723749870340e-03    2.0027264631282387e+03


Number of objective function evaluations             = 10
Number of objective gradient evaluations             = 10
Number of equality constraint evaluations            = 10
Number of inequality constraint evaluations          = 0
Number of equality constraint Jacobian evaluations   = 10
Number of inequality constraint Jacobian evaluations = 0
Number of Lagrangian Hessian evaluations             = 9
Total seconds in IPOPT (w/o function evaluations)    =      0.018
Total seconds in NLP function evaluations            =      0.011


Timing Statistics:

OverallAlgorithm....................:      0.029 (sys:      0.000 wall:      0.029)
 PrintProblemStatistics.............:      0.000 (sys:      0.000 wall:      0.000)
 InitializeIterates.................:      0.003 (sys:      0.000 wall:      0.003)
 UpdateHessian......................:      0.008 (sys:      0.000 wall:      0.008)
 OutputIteration....................:      0.000 (sys:      0.000 wall:      0.000)
 UpdateBarrierParameter.............:      0.000 (sys:      0.000 wall:      0.000)
 ComputeSearchDirection.............:      0.014 (sys:      0.000 wall:      0.014)
 ComputeAcceptableTrialPoint........:      0.001 (sys:      0.000 wall:      0.001)
 AcceptTrialPoint...................:      0.000 (sys:      0.000 wall:      0.000)
 CheckConvergence...................:      0.003 (sys:      0.000 wall:      0.003)
PDSystemSolverTotal.................:      0.014 (sys:      0.000 wall:      0.014)
 PDSystemSolverSolveOnce............:      0.013 (sys:      0.000 wall:      0.013)
 ComputeResiduals...................:      0.000 (sys:      0.000 wall:      0.000)
 StdAugSystemSolverMultiSolve.......:      0.016 (sys:      0.000 wall:      0.016)
 LinearSystemScaling................:      0.000 (sys:      0.000 wall:      0.000)
 LinearSystemSymbolicFactorization..:      0.001 (sys:      0.000 wall:      0.001)
 LinearSystemFactorization..........:      0.000 (sys:      0.000 wall:      0.000)
 LinearSystemBackSolve..............:      0.003 (sys:      0.000 wall:      0.003)
 LinearSystemStructureConverter.....:      0.000 (sys:      0.000 wall:      0.000)
  LinearSystemStructureConverterInit:      0.000 (sys:      0.000 wall:      0.000)
QualityFunctionSearch...............:      0.000 (sys:      0.000 wall:      0.000)
TryCorrector........................:      0.000 (sys:      0.000 wall:      0.000)
Task1...............................:      0.000 (sys:      0.000 wall:      0.000)
Task2...............................:      0.000 (sys:      0.000 wall:      0.000)
Task3...............................:      0.000 (sys:      0.000 wall:      0.000)
Task4...............................:      0.000 (sys:      0.000 wall:      0.000)
Task5...............................:      0.000 (sys:      0.000 wall:      0.000)
Task6...............................:      0.000 (sys:      0.000 wall:      0.000)
Function Evaluations................:      0.011 (sys:      0.000 wall:      0.011)
 Objective function.................:      0.000 (sys:      0.000 wall:      0.000)
 Objective function gradient........:      0.000 (sys:      0.000 wall:      0.000)
 Equality constraints...............:      0.000 (sys:      0.000 wall:      0.000)
 Inequality constraints.............:      0.000 (sys:      0.000 wall:      0.000)
 Equality constraint Jacobian.......:      0.002 (sys:      0.000 wall:      0.002)
 Inequality constraint Jacobian.....:      0.000 (sys:      0.000 wall:      0.000)
 Lagrangian Hessian.................:      0.008 (sys:      0.000 wall:      0.008)

EXIT: Maximum Number of Iterations Exceeded.
Total number of variables............................:     1900
                     variables with only lower bounds:        0
                variables with lower and upper bounds:      600
                     variables with only upper bounds:        0
Total number of equality constraints.................:     1300
Total number of inequality constraints...............:        0
        inequality constraints with only lower bounds:        0
   inequality constraints with lower and upper bounds:        0
        inequality constraints with only upper bounds:        0


Number of Iterations....: 9

                                   (scaled)                 (unscaled)
Objective...............:   4.1928672500557030e+02    8.3486731599930376e+06
Dual infeasibility......:   6.6569547390914522e+01    1.3255067724074239e+06
Constraint violation....:   3.5700645807617941e-06    3.5700645807617941e-06
Variable bound violation:   9.1841698174235497e-09    9.1841698174235497e-09
Complementarity.........:   8.4326227493781135e-04    1.6790708366725529e+01
Overall NLP error.......:   2.0472601250560327e+01    1.3255067724074239e+06


Number of objective function evaluations             = 10
Number of objective gradient evaluations             = 10
Number of equality constraint evaluations            = 10
Number of inequality constraint evaluations          = 0
Number of equality constraint Jacobian evaluations   = 10
Number of inequality constraint Jacobian evaluations = 0
Number of Lagrangian Hessian evaluations             = 9
Total seconds in IPOPT (w/o function evaluations)    =      0.018
Total seconds in NLP function evaluations            =      0.011


Timing Statistics:

OverallAlgorithm....................:      0.029 (sys:      0.000 wall:      0.029)
 PrintProblemStatistics.............:      0.000 (sys:      0.000 wall:      0.000)
 InitializeIterates.................:      0.003 (sys:      0.000 wall:      0.003)
 UpdateHessian......................:      0.008 (sys:      0.000 wall:      0.008)
 OutputIteration....................:      0.000 (sys:      0.000 wall:      0.000)
 UpdateBarrierParameter.............:      0.000 (sys:      0.000 wall:      0.000)
 ComputeSearchDirection.............:      0.014 (sys:      0.000 wall:      0.014)
 ComputeAcceptableTrialPoint........:      0.001 (sys:      0.000 wall:      0.001)
 AcceptTrialPoint...................:      0.000 (sys:      0.000 wall:      0.000)
 CheckConvergence...................:      0.003 (sys:      0.000 wall:      0.003)
PDSystemSolverTotal.................:      0.014 (sys:      0.000 wall:      0.014)
 PDSystemSolverSolveOnce............:      0.013 (sys:      0.000 wall:      0.013)
 ComputeResiduals...................:      0.000 (sys:      0.000 wall:      0.000)
 StdAugSystemSolverMultiSolve.......:      0.016 (sys:      0.000 wall:      0.016)
 LinearSystemScaling................:      0.000 (sys:      0.000 wall:      0.000)
 LinearSystemSymbolicFactorization..:      0.001 (sys:      0.000 wall:      0.001)
 LinearSystemFactorization..........:      0.000 (sys:      0.000 wall:      0.000)
 LinearSystemBackSolve..............:      0.003 (sys:      0.000 wall:      0.003)
 LinearSystemStructureConverter.....:      0.000 (sys:      0.000 wall:      0.000)
  LinearSystemStructureConverterInit:      0.000 (sys:      0.000 wall:      0.000)
QualityFunctionSearch...............:      0.000 (sys:      0.000 wall:      0.000)
TryCorrector........................:      0.000 (sys:      0.000 wall:      0.000)
Task1...............................:      0.000 (sys:      0.000 wall:      0.000)
Task2...............................:      0.000 (sys:      0.000 wall:      0.000)
Task3...............................:      0.000 (sys:      0.000 wall:      0.000)
Task4...............................:      0.000 (sys:      0.000 wall:      0.000)
Task5...............................:      0.000 (sys:      0.000 wall:      0.000)
Task6...............................:      0.000 (sys:      0.000 wall:      0.000)
Function Evaluations................:      0.011 (sys:      0.000 wall:      0.011)
 Objective function.................:      0.000 (sys:      0.000 wall:      0.000)
 Objective function gradient........:      0.000 (sys:      0.000 wall:      0.000)
 Equality constraints...............:      0.000 (sys:      0.000 wall:      0.000)
 Inequality constraints.............:      0.000 (sys:      0.000 wall:      0.000)
 Equality constraint Jacobian.......:      0.002 (sys:      0.000 wall:      0.002)
 Inequality constraint Jacobian.....:      0.000 (sys:      0.000 wall:      0.000)
 Lagrangian Hessian.................:      0.008 (sys:      0.000 wall:      0.008)

EXIT: Maximum Number of Iterations Exceeded.
Total number of variables............................:     1900
                     variables with only lower bounds:        0
                variables with lower and upper bounds:      600
                     variables with only upper bounds:        0
Total number of equality constraints.................:     1300
Total number of inequality constraints...............:        0
        inequality constraints with only lower bounds:        0
   inequality constraints with lower and upper bounds:        0
        inequality constraints with only upper bounds:        0


Number of Iterations....: 9

                                   (scaled)                 (unscaled)
Objective...............:   3.2449118586882508e+02    6.4903919206770500e+06
Dual infeasibility......:   1.7536645085712735e+02    3.5076360941927778e+06
Constraint violation....:   1.2738747464202931e-05    1.2738747464202931e-05
Variable bound violation:   7.6873170916705574e-09    7.6873170916705574e-09
Complementarity.........:   5.8379351258125121e-03    1.1676892508669694e+02
Overall NLP error.......:   8.3801214950664715e+01    3.5076360941927778e+06


Number of objective function evaluations             = 10
Number of objective gradient evaluations             = 10
Number of equality constraint evaluations            = 10
Number of inequality constraint evaluations          = 0
Number of equality constraint Jacobian evaluations   = 10
Number of inequality constraint Jacobian evaluations = 0
Number of Lagrangian Hessian evaluations             = 9
Total seconds in IPOPT (w/o function evaluations)    =      0.018
Total seconds in NLP function evaluations            =      0.012


Timing Statistics:

OverallAlgorithm....................:      0.030 (sys:      0.000 wall:      0.030)
 PrintProblemStatistics.............:      0.000 (sys:      0.000 wall:      0.000)
 InitializeIterates.................:      0.003 (sys:      0.000 wall:      0.003)
 UpdateHessian......................:      0.009 (sys:      0.000 wall:      0.009)
 OutputIteration....................:      0.000 (sys:      0.000 wall:      0.000)
 UpdateBarrierParameter.............:      0.000 (sys:      0.000 wall:      0.000)
 ComputeSearchDirection.............:      0.014 (sys:      0.000 wall:      0.014)
 ComputeAcceptableTrialPoint........:      0.001 (sys:      0.000 wall:      0.001)
 AcceptTrialPoint...................:      0.000 (sys:      0.000 wall:      0.000)
 CheckConvergence...................:      0.003 (sys:      0.000 wall:      0.003)
PDSystemSolverTotal.................:      0.014 (sys:      0.000 wall:      0.014)
 PDSystemSolverSolveOnce............:      0.013 (sys:      0.000 wall:      0.013)
 ComputeResiduals...................:      0.000 (sys:      0.000 wall:      0.000)
 StdAugSystemSolverMultiSolve.......:      0.016 (sys:      0.000 wall:      0.016)
 LinearSystemScaling................:      0.000 (sys:      0.000 wall:      0.000)
 LinearSystemSymbolicFactorization..:      0.001 (sys:      0.000 wall:      0.001)
 LinearSystemFactorization..........:      0.000 (sys:      0.000 wall:      0.000)
 LinearSystemBackSolve..............:      0.003 (sys:      0.000 wall:      0.003)
 LinearSystemStructureConverter.....:      0.000 (sys:      0.000 wall:      0.000)
  LinearSystemStructureConverterInit:      0.000 (sys:      0.000 wall:      0.000)
QualityFunctionSearch...............:      0.000 (sys:      0.000 wall:      0.000)
TryCorrector........................:      0.000 (sys:      0.000 wall:      0.000)
Task1...............................:      0.000 (sys:      0.000 wall:      0.000)
Task2...............................:      0.000 (sys:      0.000 wall:      0.000)
Task3...............................:      0.000 (sys:      0.000 wall:      0.000)
Task4...............................:      0.000 (sys:      0.000 wall:      0.000)
Task5...............................:      0.000 (sys:      0.000 wall:      0.000)
Task6...............................:      0.000 (sys:      0.000 wall:      0.000)
Function Evaluations................:      0.012 (sys:      0.000 wall:      0.012)
 Objective function.................:      0.000 (sys:      0.000 wall:      0.000)
 Objective function gradient........:      0.000 (sys:      0.000 wall:      0.000)
 Equality constraints...............:      0.000 (sys:      0.000 wall:      0.000)
 Inequality constraints.............:      0.000 (sys:      0.000 wall:      0.000)
 Equality constraint Jacobian.......:      0.003 (sys:      0.000 wall:      0.003)
 Inequality constraint Jacobian.....:      0.000 (sys:      0.000 wall:      0.000)
 Lagrangian Hessian.................:      0.009 (sys:      0.000 wall:      0.009)

EXIT: Maximum Number of Iterations Exceeded.
Total number of variables............................:     1900
                     variables with only lower bounds:        0
                variables with lower and upper bounds:      600
                     variables with only upper bounds:        0
Total number of equality constraints.................:     1300
Total number of inequality constraints...............:        0
        inequality constraints with only lower bounds:        0
   inequality constraints with lower and upper bounds:        0
        inequality constraints with only upper bounds:        0


Number of Iterations....: 9

                                   (scaled)                 (unscaled)
Objective...............:   2.4272888745394332e+02    4.8548640840244852e+06
Dual infeasibility......:   1.8407585815291745e+02    3.6817343080030112e+06
Constraint violation....:   1.4509804263845849e-05    1.4509804263845849e-05
Variable bound violation:   4.8526467680319943e-09    4.8526467680319943e-09
Complementarity.........:   6.0192980988508617e-03    1.2039306263739547e+02
Overall NLP error.......:   1.4906757224022468e+02    3.6817343080030112e+06


Number of objective function evaluations             = 10
Number of objective gradient evaluations             = 10
Number of equality constraint evaluations            = 10
Number of inequality constraint evaluations          = 0
Number of equality constraint Jacobian evaluations   = 10
Number of inequality constraint Jacobian evaluations = 0
Number of Lagrangian Hessian evaluations             = 9
Total seconds in IPOPT (w/o function evaluations)    =      0.018
Total seconds in NLP function evaluations            =      0.012


Timing Statistics:

OverallAlgorithm....................:      0.030 (sys:      0.000 wall:      0.030)
 PrintProblemStatistics.............:      0.000 (sys:      0.000 wall:      0.000)
 InitializeIterates.................:      0.003 (sys:      0.000 wall:      0.003)
 UpdateHessian......................:      0.008 (sys:      0.000 wall:      0.008)
 OutputIteration....................:      0.000 (sys:      0.000 wall:      0.000)
 UpdateBarrierParameter.............:      0.000 (sys:      0.000 wall:      0.000)
 ComputeSearchDirection.............:      0.014 (sys:      0.000 wall:      0.014)
 ComputeAcceptableTrialPoint........:      0.001 (sys:      0.000 wall:      0.001)
 AcceptTrialPoint...................:      0.000 (sys:      0.000 wall:      0.000)
 CheckConvergence...................:      0.003 (sys:      0.000 wall:      0.003)
PDSystemSolverTotal.................:      0.014 (sys:      0.000 wall:      0.014)
 PDSystemSolverSolveOnce............:      0.013 (sys:      0.000 wall:      0.013)
 ComputeResiduals...................:      0.000 (sys:      0.000 wall:      0.000)
 StdAugSystemSolverMultiSolve.......:      0.016 (sys:      0.000 wall:      0.016)
 LinearSystemScaling................:      0.000 (sys:      0.000 wall:      0.000)
 LinearSystemSymbolicFactorization..:      0.001 (sys:      0.000 wall:      0.001)
 LinearSystemFactorization..........:      0.000 (sys:      0.000 wall:      0.000)
 LinearSystemBackSolve..............:      0.003 (sys:      0.000 wall:      0.003)
 LinearSystemStructureConverter.....:      0.000 (sys:      0.000 wall:      0.000)
  LinearSystemStructureConverterInit:      0.000 (sys:      0.000 wall:      0.000)
QualityFunctionSearch...............:      0.000 (sys:      0.000 wall:      0.000)
TryCorrector........................:      0.000 (sys:      0.000 wall:      0.000)
Task1...............................:      0.000 (sys:      0.000 wall:      0.000)
Task2...............................:      0.000 (sys:      0.000 wall:      0.000)
Task3...............................:      0.000 (sys:      0.000 wall:      0.000)
Task4...............................:      0.000 (sys:      0.000 wall:      0.000)
Task5...............................:      0.000 (sys:      0.000 wall:      0.000)
Task6...............................:      0.000 (sys:      0.000 wall:      0.000)
Function Evaluations................:      0.012 (sys:      0.000 wall:      0.012)
 Objective function.................:      0.000 (sys:      0.000 wall:      0.000)
 Objective function gradient........:      0.000 (sys:      0.000 wall:      0.000)
 Equality constraints...............:      0.000 (sys:      0.000 wall:      0.000)
 Inequality constraints.............:      0.000 (sys:      0.000 wall:      0.000)
 Equality constraint Jacobian.......:      0.003 (sys:      0.000 wall:      0.003)
 Inequality constraint Jacobian.....:      0.000 (sys:      0.000 wall:      0.000)
 Lagrangian Hessian.................:      0.008 (sys:      0.000 wall:      0.008)

EXIT: Maximum Number of Iterations Exceeded.
Total number of variables............................:     1900
                     variables with only lower bounds:        0
                variables with lower and upper bounds:      600
                     variables with only upper bounds:        0
Total number of equality constraints.................:     1300
Total number of inequality constraints...............:        0
        inequality constraints with only lower bounds:        0
   inequality constraints with lower and upper bounds:        0
        inequality constraints with only upper bounds:        0


Number of Iterations....: 9

                                   (scaled)                 (unscaled)
Objective...............:   1.7314518898550179e+02    3.4628374372555283e+06
Dual infeasibility......:   7.9226765672715374e+00    1.5845049568609294e+05
Constraint violation....:   8.4972552906606783e-06    8.4972552906606783e-06
Variable bound violation:   0.0000000000000000e+00    0.0000000000000000e+00
Complementarity.........:   6.5102945263507024e-03    1.3020339603715283e+02
Overall NLP error.......:   7.9226765672715374e+00    1.5845049568609294e+05


Number of objective function evaluations             = 10
Number of objective gradient evaluations             = 10
Number of equality constraint evaluations            = 10
Number of inequality constraint evaluations          = 0
Number of equality constraint Jacobian evaluations   = 10
Number of inequality constraint Jacobian evaluations = 0
Number of Lagrangian Hessian evaluations             = 9
Total seconds in IPOPT (w/o function evaluations)    =      0.018
Total seconds in NLP function evaluations            =      0.012


Timing Statistics:

OverallAlgorithm....................:      0.030 (sys:      0.000 wall:      0.030)
 PrintProblemStatistics.............:      0.000 (sys:      0.000 wall:      0.000)
 InitializeIterates.................:      0.003 (sys:      0.000 wall:      0.003)
 UpdateHessian......................:      0.008 (sys:      0.000 wall:      0.008)
 OutputIteration....................:      0.000 (sys:      0.000 wall:      0.000)
 UpdateBarrierParameter.............:      0.000 (sys:      0.000 wall:      0.000)
 ComputeSearchDirection.............:      0.014 (sys:      0.000 wall:      0.014)
 ComputeAcceptableTrialPoint........:      0.001 (sys:      0.000 wall:      0.001)
 AcceptTrialPoint...................:      0.000 (sys:      0.000 wall:      0.000)
 CheckConvergence...................:      0.003 (sys:      0.000 wall:      0.003)
PDSystemSolverTotal.................:      0.014 (sys:      0.000 wall:      0.014)
 PDSystemSolverSolveOnce............:      0.013 (sys:      0.000 wall:      0.013)
 ComputeResiduals...................:      0.000 (sys:      0.000 wall:      0.000)
 StdAugSystemSolverMultiSolve.......:      0.016 (sys:      0.000 wall:      0.016)
 LinearSystemScaling................:      0.000 (sys:      0.000 wall:      0.000)
 LinearSystemSymbolicFactorization..:      0.001 (sys:      0.000 wall:      0.001)
 LinearSystemFactorization..........:      0.000 (sys:      0.000 wall:      0.000)
 LinearSystemBackSolve..............:      0.003 (sys:      0.000 wall:      0.003)
 LinearSystemStructureConverter.....:      0.000 (sys:      0.000 wall:      0.000)
  LinearSystemStructureConverterInit:      0.000 (sys:      0.000 wall:      0.000)
QualityFunctionSearch...............:      0.000 (sys:      0.000 wall:      0.000)
TryCorrector........................:      0.000 (sys:      0.000 wall:      0.000)
Task1...............................:      0.000 (sys:      0.000 wall:      0.000)
Task2...............................:      0.000 (sys:      0.000 wall:      0.000)
Task3...............................:      0.000 (sys:      0.000 wall:      0.000)
Task4...............................:      0.000 (sys:      0.000 wall:      0.000)
Task5...............................:      0.000 (sys:      0.000 wall:      0.000)
Task6...............................:      0.000 (sys:      0.000 wall:      0.000)
Function Evaluations................:      0.012 (sys:      0.000 wall:      0.012)
 Objective function.................:      0.000 (sys:      0.000 wall:      0.000)
 Objective function gradient........:      0.000 (sys:      0.000 wall:      0.000)
 Equality constraints...............:      0.000 (sys:      0.000 wall:      0.000)
 Inequality constraints.............:      0.000 (sys:      0.000 wall:      0.000)
 Equality constraint Jacobian.......:      0.003 (sys:      0.000 wall:      0.003)
 Inequality constraint Jacobian.....:      0.000 (sys:      0.000 wall:      0.000)
 Lagrangian Hessian.................:      0.008 (sys:      0.000 wall:      0.008)

EXIT: Maximum Number of Iterations Exceeded.
Total number of variables............................:     1900
                     variables with only lower bounds:        0
                variables with lower and upper bounds:      600
                     variables with only upper bounds:        0
Total number of equality constraints.................:     1300
Total number of inequality constraints...............:        0
        inequality constraints with only lower bounds:        0
   inequality constraints with lower and upper bounds:        0
        inequality constraints with only upper bounds:        0


Number of Iterations....: 9

                                   (scaled)                 (unscaled)
Objective...............:   1.1457498987966588e+02    2.2869552769019250e+06
Dual infeasibility......:   6.1331709985918081e-02    1.2242015289813864e+03
Constraint violation....:   1.3745052359986042e-07    1.3745052359986042e-07
Variable bound violation:   0.0000000000000000e+00    0.0000000000000000e+00
Complementarity.........:   2.9550087350252020e-03    5.8982966762247429e+01
Overall NLP error.......:   6.1331709985918081e-02    1.2242015289813864e+03


Number of objective function evaluations             = 10
Number of objective gradient evaluations             = 10
Number of equality constraint evaluations            = 10
Number of inequality constraint evaluations          = 0
Number of equality constraint Jacobian evaluations   = 10
Number of inequality constraint Jacobian evaluations = 0
Number of Lagrangian Hessian evaluations             = 9
Total seconds in IPOPT (w/o function evaluations)    =      0.018
Total seconds in NLP function evaluations            =      0.012


Timing Statistics:

OverallAlgorithm....................:      0.030 (sys:      0.000 wall:      0.030)
 PrintProblemStatistics.............:      0.000 (sys:      0.000 wall:      0.000)
 InitializeIterates.................:      0.003 (sys:      0.000 wall:      0.003)
 UpdateHessian......................:      0.008 (sys:      0.000 wall:      0.008)
 OutputIteration....................:      0.000 (sys:      0.000 wall:      0.000)
 UpdateBarrierParameter.............:      0.000 (sys:      0.000 wall:      0.000)
 ComputeSearchDirection.............:      0.014 (sys:      0.000 wall:      0.014)
 ComputeAcceptableTrialPoint........:      0.001 (sys:      0.000 wall:      0.001)
 AcceptTrialPoint...................:      0.000 (sys:      0.000 wall:      0.000)
 CheckConvergence...................:      0.003 (sys:      0.000 wall:      0.003)
PDSystemSolverTotal.................:      0.014 (sys:      0.000 wall:      0.014)
 PDSystemSolverSolveOnce............:      0.013 (sys:      0.000 wall:      0.013)
 ComputeResiduals...................:      0.000 (sys:      0.000 wall:      0.000)
 StdAugSystemSolverMultiSolve.......:      0.016 (sys:      0.000 wall:      0.016)
 LinearSystemScaling................:      0.000 (sys:      0.000 wall:      0.000)
 LinearSystemSymbolicFactorization..:      0.001 (sys:      0.000 wall:      0.001)
 LinearSystemFactorization..........:      0.000 (sys:      0.000 wall:      0.000)
 LinearSystemBackSolve..............:      0.003 (sys:      0.000 wall:      0.003)
 LinearSystemStructureConverter.....:      0.000 (sys:      0.000 wall:      0.000)
  LinearSystemStructureConverterInit:      0.000 (sys:      0.000 wall:      0.000)
QualityFunctionSearch...............:      0.000 (sys:      0.000 wall:      0.000)
TryCorrector........................:      0.000 (sys:      0.000 wall:      0.000)
Task1...............................:      0.000 (sys:      0.000 wall:      0.000)
Task2...............................:      0.000 (sys:      0.000 wall:      0.000)
Task3...............................:      0.000 (sys:      0.000 wall:      0.000)
Task4...............................:      0.000 (sys:      0.000 wall:      0.000)
Task5...............................:      0.000 (sys:      0.000 wall:      0.000)
Task6...............................:      0.000 (sys:      0.000 wall:      0.000)
Function Evaluations................:      0.012 (sys:      0.000 wall:      0.012)
 Objective function.................:      0.000 (sys:      0.000 wall:      0.000)
 Objective function gradient........:      0.000 (sys:      0.000 wall:      0.000)
 Equality constraints...............:      0.000 (sys:      0.000 wall:      0.000)
 Inequality constraints.............:      0.000 (sys:      0.000 wall:      0.000)
 Equality constraint Jacobian.......:      0.003 (sys:      0.000 wall:      0.003)
 Inequality constraint Jacobian.....:      0.000 (sys:      0.000 wall:      0.000)
 Lagrangian Hessian.................:      0.008 (sys:      0.000 wall:      0.008)

EXIT: Maximum Number of Iterations Exceeded.
Total number of variables............................:     1900
                     variables with only lower bounds:        0
                variables with lower and upper bounds:      600
                     variables with only upper bounds:        0
Total number of equality constraints.................:     1300
Total number of inequality constraints...............:        0
        inequality constraints with only lower bounds:        0
   inequality constraints with lower and upper bounds:        0
        inequality constraints with only upper bounds:        0


Number of Iterations....: 9

                                   (scaled)                 (unscaled)
Objective...............:   7.0093661807419394e+01    1.3948696889991299e+06
Dual infeasibility......:   6.7299235496705023e-02    1.3392603734283953e+03
Constraint violation....:   7.6107819296941469e-08    7.6107819296941469e-08
Variable bound violation:   0.0000000000000000e+00    0.0000000000000000e+00
Complementarity.........:   2.0044780543979623e-02    3.9889279690160413e+02
Overall NLP error.......:   6.7299235496705023e-02    1.3392603734283953e+03


Number of objective function evaluations             = 10
Number of objective gradient evaluations             = 10
Number of equality constraint evaluations            = 10
Number of inequality constraint evaluations          = 0
Number of equality constraint Jacobian evaluations   = 10
Number of inequality constraint Jacobian evaluations = 0
Number of Lagrangian Hessian evaluations             = 9
Total seconds in IPOPT (w/o function evaluations)    =      0.018
Total seconds in NLP function evaluations            =      0.012


Timing Statistics:

OverallAlgorithm....................:      0.030 (sys:      0.000 wall:      0.030)
 PrintProblemStatistics.............:      0.000 (sys:      0.000 wall:      0.000)
 InitializeIterates.................:      0.003 (sys:      0.000 wall:      0.003)
 UpdateHessian......................:      0.009 (sys:      0.000 wall:      0.009)
 OutputIteration....................:      0.000 (sys:      0.000 wall:      0.000)
 UpdateBarrierParameter.............:      0.000 (sys:      0.000 wall:      0.000)
 ComputeSearchDirection.............:      0.014 (sys:      0.000 wall:      0.014)
 ComputeAcceptableTrialPoint........:      0.001 (sys:      0.000 wall:      0.001)
 AcceptTrialPoint...................:      0.000 (sys:      0.000 wall:      0.000)
 CheckConvergence...................:      0.003 (sys:      0.000 wall:      0.003)
PDSystemSolverTotal.................:      0.014 (sys:      0.000 wall:      0.014)
 PDSystemSolverSolveOnce............:      0.013 (sys:      0.000 wall:      0.013)
 ComputeResiduals...................:      0.000 (sys:      0.000 wall:      0.000)
 StdAugSystemSolverMultiSolve.......:      0.016 (sys:      0.000 wall:      0.016)
 LinearSystemScaling................:      0.000 (sys:      0.000 wall:      0.000)
 LinearSystemSymbolicFactorization..:      0.001 (sys:      0.000 wall:      0.001)
 LinearSystemFactorization..........:      0.000 (sys:      0.000 wall:      0.000)
 LinearSystemBackSolve..............:      0.003 (sys:      0.000 wall:      0.003)
 LinearSystemStructureConverter.....:      0.000 (sys:      0.000 wall:      0.000)
  LinearSystemStructureConverterInit:      0.000 (sys:      0.000 wall:      0.000)
QualityFunctionSearch...............:      0.000 (sys:      0.000 wall:      0.000)
TryCorrector........................:      0.000 (sys:      0.000 wall:      0.000)
Task1...............................:      0.000 (sys:      0.000 wall:      0.000)
Task2...............................:      0.000 (sys:      0.000 wall:      0.000)
Task3...............................:      0.000 (sys:      0.000 wall:      0.000)
Task4...............................:      0.000 (sys:      0.000 wall:      0.000)
Task5...............................:      0.000 (sys:      0.000 wall:      0.000)
Task6...............................:      0.000 (sys:      0.000 wall:      0.000)
Function Evaluations................:      0.012 (sys:      0.000 wall:      0.012)
 Objective function.................:      0.000 (sys:      0.000 wall:      0.000)
 Objective function gradient........:      0.000 (sys:      0.000 wall:      0.000)
 Equality constraints...............:      0.000 (sys:      0.000 wall:      0.000)
 Inequality constraints.............:      0.000 (sys:      0.000 wall:      0.000)
 Equality constraint Jacobian.......:      0.003 (sys:      0.000 wall:      0.003)
 Inequality constraint Jacobian.....:      0.000 (sys:      0.000 wall:      0.000)
 Lagrangian Hessian.................:      0.009 (sys:      0.000 wall:      0.009)

EXIT: Maximum Number of Iterations Exceeded.
Total number of variables............................:     1900
                     variables with only lower bounds:        0
                variables with lower and upper bounds:      600
                     variables with only upper bounds:        0
Total number of equality constraints.................:     1300
Total number of inequality constraints...............:        0
        inequality constraints with only lower bounds:        0
   inequality constraints with lower and upper bounds:        0
        inequality constraints with only upper bounds:        0


Number of Iterations....: 9

                                   (scaled)                 (unscaled)
Objective...............:   4.0020650638486259e+01    7.7746918308364612e+05
Dual infeasibility......:   1.1518046639893527e+00    2.2375763934296865e+04
Constraint violation....:   2.0500593875674640e-06    2.0500593875674640e-06
Variable bound violation:   0.0000000000000000e+00    0.0000000000000000e+00
Complementarity.........:   3.4439214728851416e-03    6.6904030079744700e+01
Overall NLP error.......:   1.1518046639893527e+00    2.2375763934296865e+04


Number of objective function evaluations             = 10
Number of objective gradient evaluations             = 10
Number of equality constraint evaluations            = 10
Number of inequality constraint evaluations          = 0
Number of equality constraint Jacobian evaluations   = 10
Number of inequality constraint Jacobian evaluations = 0
Number of Lagrangian Hessian evaluations             = 9
Total seconds in IPOPT (w/o function evaluations)    =      0.018
Total seconds in NLP function evaluations            =      0.012


Timing Statistics:

OverallAlgorithm....................:      0.030 (sys:      0.000 wall:      0.030)
 PrintProblemStatistics.............:      0.000 (sys:      0.000 wall:      0.000)
 InitializeIterates.................:      0.003 (sys:      0.000 wall:      0.003)
 UpdateHessian......................:      0.009 (sys:      0.000 wall:      0.009)
 OutputIteration....................:      0.000 (sys:      0.000 wall:      0.000)
 UpdateBarrierParameter.............:      0.000 (sys:      0.000 wall:      0.000)
 ComputeSearchDirection.............:      0.014 (sys:      0.000 wall:      0.014)
 ComputeAcceptableTrialPoint........:      0.001 (sys:      0.000 wall:      0.001)
 AcceptTrialPoint...................:      0.000 (sys:      0.000 wall:      0.000)
 CheckConvergence...................:      0.003 (sys:      0.000 wall:      0.003)
PDSystemSolverTotal.................:      0.014 (sys:      0.000 wall:      0.014)
 PDSystemSolverSolveOnce............:      0.013 (sys:      0.000 wall:      0.013)
 ComputeResiduals...................:      0.000 (sys:      0.000 wall:      0.000)
 StdAugSystemSolverMultiSolve.......:      0.016 (sys:      0.000 wall:      0.016)
 LinearSystemScaling................:      0.000 (sys:      0.000 wall:      0.000)
 LinearSystemSymbolicFactorization..:      0.001 (sys:      0.000 wall:      0.001)
 LinearSystemFactorization..........:      0.000 (sys:      0.000 wall:      0.000)
 LinearSystemBackSolve..............:      0.003 (sys:      0.000 wall:      0.003)
 LinearSystemStructureConverter.....:      0.000 (sys:      0.000 wall:      0.000)
  LinearSystemStructureConverterInit:      0.000 (sys:      0.000 wall:      0.000)
QualityFunctionSearch...............:      0.000 (sys:      0.000 wall:      0.000)
TryCorrector........................:      0.000 (sys:      0.000 wall:      0.000)
Task1...............................:      0.000 (sys:      0.000 wall:      0.000)
Task2...............................:      0.000 (sys:      0.000 wall:      0.000)
Task3...............................:      0.000 (sys:      0.000 wall:      0.000)
Task4...............................:      0.000 (sys:      0.000 wall:      0.000)
Task5...............................:      0.000 (sys:      0.000 wall:      0.000)
Task6...............................:      0.000 (sys:      0.000 wall:      0.000)
Function Evaluations................:      0.012 (sys:      0.000 wall:      0.012)
 Objective function.................:      0.000 (sys:      0.000 wall:      0.000)
 Objective function gradient........:      0.000 (sys:      0.000 wall:      0.000)
 Equality constraints...............:      0.001 (sys:      0.000 wall:      0.001)
 Inequality constraints.............:      0.000 (sys:      0.000 wall:      0.000)
 Equality constraint Jacobian.......:      0.003 (sys:      0.000 wall:      0.003)
 Inequality constraint Jacobian.....:      0.000 (sys:      0.000 wall:      0.000)
 Lagrangian Hessian.................:      0.008 (sys:      0.000 wall:      0.008)

EXIT: Maximum Number of Iterations Exceeded.
Total number of variables............................:     1900
                     variables with only lower bounds:        0
                variables with lower and upper bounds:      600
                     variables with only upper bounds:        0
Total number of equality constraints.................:     1300
Total number of inequality constraints...............:        0
        inequality constraints with only lower bounds:        0
   inequality constraints with lower and upper bounds:        0
        inequality constraints with only upper bounds:        0


Number of Iterations....: 9

                                   (scaled)                 (unscaled)
Objective...............:   2.0285401988926669e+01    4.0314148114423797e+05
Dual infeasibility......:   5.2996143797073245e+01    1.0532176743131713e+06
Constraint violation....:   1.1125582961345280e-05    1.1125582961345280e-05
Variable bound violation:   0.0000000000000000e+00    0.0000000000000000e+00
Complementarity.........:   6.6230744964955179e-03    1.3162352235875542e+02
Overall NLP error.......:   5.2996143797073245e+01    1.0532176743131713e+06


Number of objective function evaluations             = 10
Number of objective gradient evaluations             = 10
Number of equality constraint evaluations            = 10
Number of inequality constraint evaluations          = 0
Number of equality constraint Jacobian evaluations   = 10
Number of inequality constraint Jacobian evaluations = 0
Number of Lagrangian Hessian evaluations             = 9
Total seconds in IPOPT (w/o function evaluations)    =      0.018
Total seconds in NLP function evaluations            =      0.012


Timing Statistics:

OverallAlgorithm....................:      0.030 (sys:      0.000 wall:      0.030)
 PrintProblemStatistics.............:      0.000 (sys:      0.000 wall:      0.000)
 InitializeIterates.................:      0.003 (sys:      0.000 wall:      0.003)
 UpdateHessian......................:      0.009 (sys:      0.000 wall:      0.009)
 OutputIteration....................:      0.000 (sys:      0.000 wall:      0.000)
 UpdateBarrierParameter.............:      0.000 (sys:      0.000 wall:      0.000)
 ComputeSearchDirection.............:      0.014 (sys:      0.000 wall:      0.014)
 ComputeAcceptableTrialPoint........:      0.001 (sys:      0.000 wall:      0.001)
 AcceptTrialPoint...................:      0.000 (sys:      0.000 wall:      0.000)
 CheckConvergence...................:      0.003 (sys:      0.000 wall:      0.003)
PDSystemSolverTotal.................:      0.014 (sys:      0.000 wall:      0.014)
 PDSystemSolverSolveOnce............:      0.013 (sys:      0.000 wall:      0.013)
 ComputeResiduals...................:      0.000 (sys:      0.000 wall:      0.000)
 StdAugSystemSolverMultiSolve.......:      0.016 (sys:      0.000 wall:      0.016)
 LinearSystemScaling................:      0.000 (sys:      0.000 wall:      0.000)
 LinearSystemSymbolicFactorization..:      0.001 (sys:      0.000 wall:      0.001)
 LinearSystemFactorization..........:      0.000 (sys:      0.000 wall:      0.000)
 LinearSystemBackSolve..............:      0.003 (sys:      0.000 wall:      0.003)
 LinearSystemStructureConverter.....:      0.000 (sys:      0.000 wall:      0.000)
  LinearSystemStructureConverterInit:      0.000 (sys:      0.000 wall:      0.000)
QualityFunctionSearch...............:      0.000 (sys:      0.000 wall:      0.000)
TryCorrector........................:      0.000 (sys:      0.000 wall:      0.000)
Task1...............................:      0.000 (sys:      0.000 wall:      0.000)
Task2...............................:      0.000 (sys:      0.000 wall:      0.000)
Task3...............................:      0.000 (sys:      0.000 wall:      0.000)
Task4...............................:      0.000 (sys:      0.000 wall:      0.000)
Task5...............................:      0.000 (sys:      0.000 wall:      0.000)
Task6...............................:      0.000 (sys:      0.000 wall:      0.000)
Function Evaluations................:      0.012 (sys:      0.000 wall:      0.012)
 Objective function.................:      0.000 (sys:      0.000 wall:      0.000)
 Objective function gradient........:      0.000 (sys:      0.000 wall:      0.000)
 Equality constraints...............:      0.000 (sys:      0.000 wall:      0.000)
 Inequality constraints.............:      0.000 (sys:      0.000 wall:      0.000)
 Equality constraint Jacobian.......:      0.003 (sys:      0.000 wall:      0.003)
 Inequality constraint Jacobian.....:      0.000 (sys:      0.000 wall:      0.000)
 Lagrangian Hessian.................:      0.009 (sys:      0.000 wall:      0.009)

EXIT: Maximum Number of Iterations Exceeded.
Total number of variables............................:     1900
                     variables with only lower bounds:        0
                variables with lower and upper bounds:      600
                     variables with only upper bounds:        0
Total number of equality constraints.................:     1300
Total number of inequality constraints...............:        0
        inequality constraints with only lower bounds:        0
   inequality constraints with lower and upper bounds:        0
        inequality constraints with only upper bounds:        0


Number of Iterations....: 9

                                   (scaled)                 (unscaled)
Objective...............:   9.7273879826105123e+00    1.9227606529216084e+05
Dual infeasibility......:   1.5363648698720152e+02    3.0368501036474174e+06
Constraint violation....:   4.8476134476452097e-06    4.8476134476452097e-06
Variable bound violation:   0.0000000000000000e+00    0.0000000000000000e+00
Complementarity.........:   1.7628120606646676e-03    3.4844561302591949e+01
Overall NLP error.......:   1.5363648698720152e+02    3.0368501036474174e+06


Number of objective function evaluations             = 10
Number of objective gradient evaluations             = 10
Number of equality constraint evaluations            = 10
Number of inequality constraint evaluations          = 0
Number of equality constraint Jacobian evaluations   = 10
Number of inequality constraint Jacobian evaluations = 0
Number of Lagrangian Hessian evaluations             = 9
Total seconds in IPOPT (w/o function evaluations)    =      0.019
Total seconds in NLP function evaluations            =      0.012


Timing Statistics:

OverallAlgorithm....................:      0.030 (sys:      0.000 wall:      0.030)
 PrintProblemStatistics.............:      0.000 (sys:      0.000 wall:      0.000)
 InitializeIterates.................:      0.003 (sys:      0.000 wall:      0.003)
 UpdateHessian......................:      0.009 (sys:      0.000 wall:      0.009)
 OutputIteration....................:      0.000 (sys:      0.000 wall:      0.000)
 UpdateBarrierParameter.............:      0.000 (sys:      0.000 wall:      0.000)
 ComputeSearchDirection.............:      0.014 (sys:      0.000 wall:      0.014)
 ComputeAcceptableTrialPoint........:      0.001 (sys:      0.000 wall:      0.001)
 AcceptTrialPoint...................:      0.000 (sys:      0.000 wall:      0.000)
 CheckConvergence...................:      0.003 (sys:      0.000 wall:      0.003)
PDSystemSolverTotal.................:      0.014 (sys:      0.000 wall:      0.014)
 PDSystemSolverSolveOnce............:      0.013 (sys:      0.000 wall:      0.013)
 ComputeResiduals...................:      0.000 (sys:      0.000 wall:      0.000)
 StdAugSystemSolverMultiSolve.......:      0.016 (sys:      0.000 wall:      0.016)
 LinearSystemScaling................:      0.000 (sys:      0.000 wall:      0.000)
 LinearSystemSymbolicFactorization..:      0.001 (sys:      0.000 wall:      0.001)
 LinearSystemFactorization..........:      0.000 (sys:      0.000 wall:      0.000)
 LinearSystemBackSolve..............:      0.003 (sys:      0.000 wall:      0.003)
 LinearSystemStructureConverter.....:      0.000 (sys:      0.000 wall:      0.000)
  LinearSystemStructureConverterInit:      0.000 (sys:      0.000 wall:      0.000)
QualityFunctionSearch...............:      0.000 (sys:      0.000 wall:      0.000)
TryCorrector........................:      0.000 (sys:      0.000 wall:      0.000)
Task1...............................:      0.000 (sys:      0.000 wall:      0.000)
Task2...............................:      0.000 (sys:      0.000 wall:      0.000)
Task3...............................:      0.000 (sys:      0.000 wall:      0.000)
Task4...............................:      0.000 (sys:      0.000 wall:      0.000)
Task5...............................:      0.000 (sys:      0.000 wall:      0.000)
Task6...............................:      0.000 (sys:      0.000 wall:      0.000)
Function Evaluations................:      0.012 (sys:      0.000 wall:      0.012)
 Objective function.................:      0.000 (sys:      0.000 wall:      0.000)
 Objective function gradient........:      0.000 (sys:      0.000 wall:      0.000)
 Equality constraints...............:      0.000 (sys:      0.000 wall:      0.000)
 Inequality constraints.............:      0.000 (sys:      0.000 wall:      0.000)
 Equality constraint Jacobian.......:      0.003 (sys:      0.000 wall:      0.003)
 Inequality constraint Jacobian.....:      0.000 (sys:      0.000 wall:      0.000)
 Lagrangian Hessian.................:      0.008 (sys:      0.000 wall:      0.008)

EXIT: Maximum Number of Iterations Exceeded.
Total number of variables............................:     1900
                     variables with only lower bounds:        0
                variables with lower and upper bounds:      600
                     variables with only upper bounds:        0
Total number of equality constraints.................:     1300
Total number of inequality constraints...............:        0
        inequality constraints with only lower bounds:        0
   inequality constraints with lower and upper bounds:        0
        inequality constraints with only upper bounds:        0


Number of Iterations....: 9

                                   (scaled)                 (unscaled)
Objective...............:   4.1832584491460203e+00    8.3408937099313203e+04
Dual infeasibility......:   4.3000199515262238e-02    8.5737015301041288e+02
Constraint violation....:   1.0162124121129013e-07    1.0162124121129013e-07
Variable bound violation:   0.0000000000000000e+00    0.0000000000000000e+00
Complementarity.........:   2.8617386602966819e-03    5.7059486716649410e+01
Overall NLP error.......:   4.3000199515262238e-02    8.5737015301041288e+02


Number of objective function evaluations             = 10
Number of objective gradient evaluations             = 10
Number of equality constraint evaluations            = 10
Number of inequality constraint evaluations          = 0
Number of equality constraint Jacobian evaluations   = 10
Number of inequality constraint Jacobian evaluations = 0
Number of Lagrangian Hessian evaluations             = 9
Total seconds in IPOPT (w/o function evaluations)    =      0.018
Total seconds in NLP function evaluations            =      0.011


Timing Statistics:

OverallAlgorithm....................:      0.025 (sys:      0.004 wall:      0.029)
 PrintProblemStatistics.............:      0.000 (sys:      0.000 wall:      0.000)
 InitializeIterates.................:      0.003 (sys:      0.000 wall:      0.003)
 UpdateHessian......................:      0.007 (sys:      0.001 wall:      0.008)
 OutputIteration....................:      0.000 (sys:      0.000 wall:      0.000)
 UpdateBarrierParameter.............:      0.000 (sys:      0.000 wall:      0.000)
 ComputeSearchDirection.............:      0.011 (sys:      0.003 wall:      0.014)
 ComputeAcceptableTrialPoint........:      0.001 (sys:      0.000 wall:      0.001)
 AcceptTrialPoint...................:      0.000 (sys:      0.000 wall:      0.000)
 CheckConvergence...................:      0.003 (sys:      0.000 wall:      0.003)
PDSystemSolverTotal.................:      0.011 (sys:      0.003 wall:      0.014)
 PDSystemSolverSolveOnce............:      0.010 (sys:      0.003 wall:      0.013)
 ComputeResiduals...................:      0.000 (sys:      0.000 wall:      0.000)
 StdAugSystemSolverMultiSolve.......:      0.013 (sys:      0.003 wall:      0.016)
 LinearSystemScaling................:      0.000 (sys:      0.000 wall:      0.000)
 LinearSystemSymbolicFactorization..:      0.002 (sys:      0.000 wall:      0.002)
 LinearSystemFactorization..........:      0.000 (sys:      0.000 wall:      0.000)
 LinearSystemBackSolve..............:      0.003 (sys:      0.000 wall:      0.003)
 LinearSystemStructureConverter.....:      0.000 (sys:      0.000 wall:      0.000)
  LinearSystemStructureConverterInit:      0.000 (sys:      0.000 wall:      0.000)
QualityFunctionSearch...............:      0.000 (sys:      0.000 wall:      0.000)
TryCorrector........................:      0.000 (sys:      0.000 wall:      0.000)
Task1...............................:      0.000 (sys:      0.000 wall:      0.000)
Task2...............................:      0.000 (sys:      0.000 wall:      0.000)
Task3...............................:      0.000 (sys:      0.000 wall:      0.000)
Task4...............................:      0.000 (sys:      0.000 wall:      0.000)
Task5...............................:      0.000 (sys:      0.000 wall:      0.000)
Task6...............................:      0.000 (sys:      0.000 wall:      0.000)
Function Evaluations................:      0.010 (sys:      0.001 wall:      0.011)
 Objective function.................:      0.000 (sys:      0.000 wall:      0.000)
 Objective function gradient........:      0.000 (sys:      0.000 wall:      0.000)
 Equality constraints...............:      0.000 (sys:      0.000 wall:      0.000)
 Inequality constraints.............:      0.000 (sys:      0.000 wall:      0.000)
 Equality constraint Jacobian.......:      0.002 (sys:      0.000 wall:      0.002)
 Inequality constraint Jacobian.....:      0.000 (sys:      0.000 wall:      0.000)
 Lagrangian Hessian.................:      0.007 (sys:      0.001 wall:      0.008)

EXIT: Maximum Number of Iterations Exceeded.
Total number of variables............................:     1900
                     variables with only lower bounds:        0
                variables with lower and upper bounds:      600
                     variables with only upper bounds:        0
Total number of equality constraints.................:     1300
Total number of inequality constraints...............:        0
        inequality constraints with only lower bounds:        0
   inequality constraints with lower and upper bounds:        0
        inequality constraints with only upper bounds:        0


Number of Iterations....: 9

                                   (scaled)                 (unscaled)
Objective...............:   1.6483843000665652e+00    3.2490956774306014e+04
Dual infeasibility......:   1.7340352464508841e+00    3.4179204591601367e+04
Constraint violation....:   1.0800880247028525e-06    1.0800880247028525e-06
Variable bound violation:   0.0000000000000000e+00    0.0000000000000000e+00
Complementarity.........:   5.5374067012034837e-04    1.0914666061991095e+01
Overall NLP error.......:   1.7340352464508841e+00    3.4179204591601367e+04


Number of objective function evaluations             = 10
Number of objective gradient evaluations             = 10
Number of equality constraint evaluations            = 10
Number of inequality constraint evaluations          = 0
Number of equality constraint Jacobian evaluations   = 10
Number of inequality constraint Jacobian evaluations = 0
Number of Lagrangian Hessian evaluations             = 9
Total seconds in IPOPT (w/o function evaluations)    =      0.018
Total seconds in NLP function evaluations            =      0.011


Timing Statistics:

OverallAlgorithm....................:      0.029 (sys:      0.000 wall:      0.029)
 PrintProblemStatistics.............:      0.000 (sys:      0.000 wall:      0.000)
 InitializeIterates.................:      0.003 (sys:      0.000 wall:      0.003)
 UpdateHessian......................:      0.008 (sys:      0.000 wall:      0.008)
 OutputIteration....................:      0.000 (sys:      0.000 wall:      0.000)
 UpdateBarrierParameter.............:      0.000 (sys:      0.000 wall:      0.000)
 ComputeSearchDirection.............:      0.014 (sys:      0.000 wall:      0.014)
 ComputeAcceptableTrialPoint........:      0.001 (sys:      0.000 wall:      0.001)
 AcceptTrialPoint...................:      0.000 (sys:      0.000 wall:      0.000)
 CheckConvergence...................:      0.003 (sys:      0.000 wall:      0.003)
PDSystemSolverTotal.................:      0.014 (sys:      0.000 wall:      0.014)
 PDSystemSolverSolveOnce............:      0.013 (sys:      0.000 wall:      0.013)
 ComputeResiduals...................:      0.000 (sys:      0.000 wall:      0.000)
 StdAugSystemSolverMultiSolve.......:      0.016 (sys:      0.000 wall:      0.016)
 LinearSystemScaling................:      0.000 (sys:      0.000 wall:      0.000)
 LinearSystemSymbolicFactorization..:      0.001 (sys:      0.000 wall:      0.001)
 LinearSystemFactorization..........:      0.000 (sys:      0.000 wall:      0.000)
 LinearSystemBackSolve..............:      0.003 (sys:      0.000 wall:      0.003)
 LinearSystemStructureConverter.....:      0.000 (sys:      0.000 wall:      0.000)
  LinearSystemStructureConverterInit:      0.000 (sys:      0.000 wall:      0.000)
QualityFunctionSearch...............:      0.000 (sys:      0.000 wall:      0.000)
TryCorrector........................:      0.000 (sys:      0.000 wall:      0.000)
Task1...............................:      0.000 (sys:      0.000 wall:      0.000)
Task2...............................:      0.000 (sys:      0.000 wall:      0.000)
Task3...............................:      0.000 (sys:      0.000 wall:      0.000)
Task4...............................:      0.000 (sys:      0.000 wall:      0.000)
Task5...............................:      0.000 (sys:      0.000 wall:      0.000)
Task6...............................:      0.000 (sys:      0.000 wall:      0.000)
Function Evaluations................:      0.011 (sys:      0.000 wall:      0.011)
 Objective function.................:      0.000 (sys:      0.000 wall:      0.000)
 Objective function gradient........:      0.000 (sys:      0.000 wall:      0.000)
 Equality constraints...............:      0.000 (sys:      0.000 wall:      0.000)
 Inequality constraints.............:      0.000 (sys:      0.000 wall:      0.000)
 Equality constraint Jacobian.......:      0.002 (sys:      0.000 wall:      0.002)
 Inequality constraint Jacobian.....:      0.000 (sys:      0.000 wall:      0.000)
 Lagrangian Hessian.................:      0.008 (sys:      0.000 wall:      0.008)

EXIT: Maximum Number of Iterations Exceeded.
Total number of variables............................:     1900
                     variables with only lower bounds:        0
                variables with lower and upper bounds:      600
                     variables with only upper bounds:        0
Total number of equality constraints.................:     1300
Total number of inequality constraints...............:        0
        inequality constraints with only lower bounds:        0
   inequality constraints with lower and upper bounds:        0
        inequality constraints with only upper bounds:        0


Number of Iterations....: 9

                                   (scaled)                 (unscaled)
Objective...............:   5.7190563241771775e-01    1.1343393353269155e+04
Dual infeasibility......:   2.2304323061383968e-03    4.4239240815672837e+01
Constraint violation....:   5.6376654899992218e-08    5.6376654899992218e-08
Variable bound violation:   0.0000000000000000e+00    0.0000000000000000e+00
Complementarity.........:   2.8577521620922917e-03    5.6681740908421922e+01
Overall NLP error.......:   2.8577521620922917e-03    5.6681740908421922e+01


Number of objective function evaluations             = 10
Number of objective gradient evaluations             = 10
Number of equality constraint evaluations            = 10
Number of inequality constraint evaluations          = 0
Number of equality constraint Jacobian evaluations   = 10
Number of inequality constraint Jacobian evaluations = 0
Number of Lagrangian Hessian evaluations             = 9
Total seconds in IPOPT (w/o function evaluations)    =      0.019
Total seconds in NLP function evaluations            =      0.012


Timing Statistics:

OverallAlgorithm....................:      0.030 (sys:      0.000 wall:      0.030)
 PrintProblemStatistics.............:      0.000 (sys:      0.000 wall:      0.000)
 InitializeIterates.................:      0.003 (sys:      0.000 wall:      0.003)
 UpdateHessian......................:      0.008 (sys:      0.000 wall:      0.008)
 OutputIteration....................:      0.000 (sys:      0.000 wall:      0.000)
 UpdateBarrierParameter.............:      0.000 (sys:      0.000 wall:      0.000)
 ComputeSearchDirection.............:      0.014 (sys:      0.000 wall:      0.014)
 ComputeAcceptableTrialPoint........:      0.001 (sys:      0.000 wall:      0.001)
 AcceptTrialPoint...................:      0.000 (sys:      0.000 wall:      0.000)
 CheckConvergence...................:      0.003 (sys:      0.000 wall:      0.003)
PDSystemSolverTotal.................:      0.014 (sys:      0.000 wall:      0.014)
 PDSystemSolverSolveOnce............:      0.014 (sys:      0.000 wall:      0.014)
 ComputeResiduals...................:      0.000 (sys:      0.000 wall:      0.000)
 StdAugSystemSolverMultiSolve.......:      0.016 (sys:      0.000 wall:      0.016)
 LinearSystemScaling................:      0.000 (sys:      0.000 wall:      0.000)
 LinearSystemSymbolicFactorization..:      0.002 (sys:      0.000 wall:      0.002)
 LinearSystemFactorization..........:      0.000 (sys:      0.000 wall:      0.000)
 LinearSystemBackSolve..............:      0.003 (sys:      0.000 wall:      0.003)
 LinearSystemStructureConverter.....:      0.000 (sys:      0.000 wall:      0.000)
  LinearSystemStructureConverterInit:      0.000 (sys:      0.000 wall:      0.000)
QualityFunctionSearch...............:      0.000 (sys:      0.000 wall:      0.000)
TryCorrector........................:      0.000 (sys:      0.000 wall:      0.000)
Task1...............................:      0.000 (sys:      0.000 wall:      0.000)
Task2...............................:      0.000 (sys:      0.000 wall:      0.000)
Task3...............................:      0.000 (sys:      0.000 wall:      0.000)
Task4...............................:      0.000 (sys:      0.000 wall:      0.000)
Task5...............................:      0.000 (sys:      0.000 wall:      0.000)
Task6...............................:      0.000 (sys:      0.000 wall:      0.000)
Function Evaluations................:      0.012 (sys:      0.000 wall:      0.012)
 Objective function.................:      0.000 (sys:      0.000 wall:      0.000)
 Objective function gradient........:      0.000 (sys:      0.000 wall:      0.000)
 Equality constraints...............:      0.000 (sys:      0.000 wall:      0.000)
 Inequality constraints.............:      0.000 (sys:      0.000 wall:      0.000)
 Equality constraint Jacobian.......:      0.002 (sys:      0.000 wall:      0.002)
 Inequality constraint Jacobian.....:      0.000 (sys:      0.000 wall:      0.000)
 Lagrangian Hessian.................:      0.008 (sys:      0.000 wall:      0.008)

EXIT: Maximum Number of Iterations Exceeded.
Total number of variables............................:     1900
                     variables with only lower bounds:        0
                variables with lower and upper bounds:      600
                     variables with only upper bounds:        0
Total number of equality constraints.................:     1300
Total number of inequality constraints...............:        0
        inequality constraints with only lower bounds:        0
   inequality constraints with lower and upper bounds:        0
        inequality constraints with only upper bounds:        0


Number of Iterations....: 9

                                   (scaled)                 (unscaled)
Objective...............:   2.0497139451354865e-01    3.6032588023183762e+03
Dual infeasibility......:   8.4192804897353923e-05    1.4800526973933987e+00
Constraint violation....:   7.2909767112605550e-10    7.2909767112605550e-10
Variable bound violation:   0.0000000000000000e+00    0.0000000000000000e+00
Complementarity.........:   3.2173992182433422e-06    5.6559707178755997e-02
Overall NLP error.......:   8.4192804897353923e-05    1.4800526973933987e+00


Number of objective function evaluations             = 10
Number of objective gradient evaluations             = 10
Number of equality constraint evaluations            = 10
Number of inequality constraint evaluations          = 0
Number of equality constraint Jacobian evaluations   = 10
Number of inequality constraint Jacobian evaluations = 0
Number of Lagrangian Hessian evaluations             = 9
Total seconds in IPOPT (w/o function evaluations)    =      0.019
Total seconds in NLP function evaluations            =      0.012


Timing Statistics:

OverallAlgorithm....................:      0.031 (sys:      0.000 wall:      0.031)
 PrintProblemStatistics.............:      0.000 (sys:      0.000 wall:      0.000)
 InitializeIterates.................:      0.003 (sys:      0.000 wall:      0.003)
 UpdateHessian......................:      0.009 (sys:      0.000 wall:      0.009)
 OutputIteration....................:      0.000 (sys:      0.000 wall:      0.000)
 UpdateBarrierParameter.............:      0.000 (sys:      0.000 wall:      0.000)
 ComputeSearchDirection.............:      0.014 (sys:      0.000 wall:      0.014)
 ComputeAcceptableTrialPoint........:      0.001 (sys:      0.000 wall:      0.001)
 AcceptTrialPoint...................:      0.000 (sys:      0.000 wall:      0.000)
 CheckConvergence...................:      0.003 (sys:      0.000 wall:      0.003)
PDSystemSolverTotal.................:      0.014 (sys:      0.000 wall:      0.014)
 PDSystemSolverSolveOnce............:      0.014 (sys:      0.000 wall:      0.014)
 ComputeResiduals...................:      0.000 (sys:      0.000 wall:      0.000)
 StdAugSystemSolverMultiSolve.......:      0.016 (sys:      0.000 wall:      0.016)
 LinearSystemScaling................:      0.000 (sys:      0.000 wall:      0.000)
 LinearSystemSymbolicFactorization..:      0.001 (sys:      0.000 wall:      0.001)
 LinearSystemFactorization..........:      0.000 (sys:      0.000 wall:      0.000)
 LinearSystemBackSolve..............:      0.003 (sys:      0.000 wall:      0.003)
 LinearSystemStructureConverter.....:      0.000 (sys:      0.000 wall:      0.000)
  LinearSystemStructureConverterInit:      0.000 (sys:      0.000 wall:      0.000)
QualityFunctionSearch...............:      0.000 (sys:      0.000 wall:      0.000)
TryCorrector........................:      0.000 (sys:      0.000 wall:      0.000)
Task1...............................:      0.000 (sys:      0.000 wall:      0.000)
Task2...............................:      0.000 (sys:      0.000 wall:      0.000)
Task3...............................:      0.000 (sys:      0.000 wall:      0.000)
Task4...............................:      0.000 (sys:      0.000 wall:      0.000)
Task5...............................:      0.000 (sys:      0.000 wall:      0.000)
Task6...............................:      0.000 (sys:      0.000 wall:      0.000)
Function Evaluations................:      0.012 (sys:      0.000 wall:      0.012)
 Objective function.................:      0.000 (sys:      0.000 wall:      0.000)
 Objective function gradient........:      0.000 (sys:      0.000 wall:      0.000)
 Equality constraints...............:      0.000 (sys:      0.000 wall:      0.000)
 Inequality constraints.............:      0.000 (sys:      0.000 wall:      0.000)
 Equality constraint Jacobian.......:      0.003 (sys:      0.000 wall:      0.003)
 Inequality constraint Jacobian.....:      0.000 (sys:      0.000 wall:      0.000)
 Lagrangian Hessian.................:      0.008 (sys:      0.000 wall:      0.008)

EXIT: Maximum Number of Iterations Exceeded.
Total number of variables............................:     1900
                     variables with only lower bounds:        0
                variables with lower and upper bounds:      600
                     variables with only upper bounds:        0
Total number of equality constraints.................:     1300
Total number of inequality constraints...............:        0
        inequality constraints with only lower bounds:        0
   inequality constraints with lower and upper bounds:        0
        inequality constraints with only upper bounds:        0


Number of Iterations....: 4

                                   (scaled)                 (unscaled)
Objective...............:   9.7147997722264096e-02    1.1241697386977337e+03
Dual infeasibility......:   1.6251748106987929e-09    1.8806073054686340e-05
Constraint violation....:   1.8651746813702630e-14    1.8651746813702630e-14
Variable bound violation:   0.0000000000000000e+00    0.0000000000000000e+00
Complementarity.........:   2.5555451219468226e-09    2.9572060766321202e-05
Overall NLP error.......:   2.5555451219468226e-09    2.9572060766321202e-05


Number of objective function evaluations             = 5
Number of objective gradient evaluations             = 5
Number of equality constraint evaluations            = 5
Number of inequality constraint evaluations          = 0
Number of equality constraint Jacobian evaluations   = 5
Number of inequality constraint Jacobian evaluations = 0
Number of Lagrangian Hessian evaluations             = 4
Total seconds in IPOPT (w/o function evaluations)    =      0.010
Total seconds in NLP function evaluations            =      0.005


Timing Statistics:

OverallAlgorithm....................:      0.016 (sys:      0.000 wall:      0.016)
 PrintProblemStatistics.............:      0.000 (sys:      0.000 wall:      0.000)
 InitializeIterates.................:      0.003 (sys:      0.000 wall:      0.003)
 UpdateHessian......................:      0.004 (sys:      0.000 wall:      0.004)
 OutputIteration....................:      0.000 (sys:      0.000 wall:      0.000)
 UpdateBarrierParameter.............:      0.000 (sys:      0.000 wall:      0.000)
 ComputeSearchDirection.............:      0.006 (sys:      0.000 wall:      0.006)
 ComputeAcceptableTrialPoint........:      0.000 (sys:      0.000 wall:      0.000)
 AcceptTrialPoint...................:      0.000 (sys:      0.000 wall:      0.000)
 CheckConvergence...................:      0.001 (sys:      0.000 wall:      0.001)
PDSystemSolverTotal.................:      0.006 (sys:      0.000 wall:      0.006)
 PDSystemSolverSolveOnce............:      0.006 (sys:      0.000 wall:      0.006)
 ComputeResiduals...................:      0.000 (sys:      0.000 wall:      0.000)
 StdAugSystemSolverMultiSolve.......:      0.009 (sys:      0.000 wall:      0.009)
 LinearSystemScaling................:      0.000 (sys:      0.000 wall:      0.000)
 LinearSystemSymbolicFactorization..:      0.001 (sys:      0.000 wall:      0.001)
 LinearSystemFactorization..........:      0.000 (sys:      0.000 wall:      0.000)
 LinearSystemBackSolve..............:      0.002 (sys:      0.000 wall:      0.002)
 LinearSystemStructureConverter.....:      0.000 (sys:      0.000 wall:      0.000)
  LinearSystemStructureConverterInit:      0.000 (sys:      0.000 wall:      0.000)
QualityFunctionSearch...............:      0.000 (sys:      0.000 wall:      0.000)
TryCorrector........................:      0.000 (sys:      0.000 wall:      0.000)
Task1...............................:      0.000 (sys:      0.000 wall:      0.000)
Task2...............................:      0.000 (sys:      0.000 wall:      0.000)
Task3...............................:      0.000 (sys:      0.000 wall:      0.000)
Task4...............................:      0.000 (sys:      0.000 wall:      0.000)
Task5...............................:      0.000 (sys:      0.000 wall:      0.000)
Task6...............................:      0.000 (sys:      0.000 wall:      0.000)
Function Evaluations................:      0.005 (sys:      0.000 wall:      0.005)
 Objective function.................:      0.000 (sys:      0.000 wall:      0.000)
 Objective function gradient........:      0.000 (sys:      0.000 wall:      0.000)
 Equality constraints...............:      0.000 (sys:      0.000 wall:      0.000)
 Inequality constraints.............:      0.000 (sys:      0.000 wall:      0.000)
 Equality constraint Jacobian.......:      0.001 (sys:      0.000 wall:      0.001)
 Inequality constraint Jacobian.....:      0.000 (sys:      0.000 wall:      0.000)
 Lagrangian Hessian.................:      0.004 (sys:      0.000 wall:      0.004)

EXIT: Optimal Solution Found.
Total number of variables............................:     1900
                     variables with only lower bounds:        0
                variables with lower and upper bounds:      600
                     variables with only upper bounds:        0
Total number of equality constraints.................:     1300
Total number of inequality constraints...............:        0
        inequality constraints with only lower bounds:        0
   inequality constraints with lower and upper bounds:        0
        inequality constraints with only upper bounds:        0


Number of Iterations....: 4

                                   (scaled)                 (unscaled)
Objective...............:   5.3615866468251928e-02    3.5335826551568681e+02
Dual infeasibility......:   9.5769080166174803e-11    6.3117129847357342e-07
Constraint violation....:   6.6613381477509392e-16    6.6613381477509392e-16
Variable bound violation:   0.0000000000000000e+00    0.0000000000000000e+00
Complementarity.........:   2.5121806969895007e-09    1.6556662649028367e-05
Overall NLP error.......:   2.5121806969895007e-09    1.6556662649028367e-05


Number of objective function evaluations             = 5
Number of objective gradient evaluations             = 5
Number of equality constraint evaluations            = 5
Number of inequality constraint evaluations          = 0
Number of equality constraint Jacobian evaluations   = 5
Number of inequality constraint Jacobian evaluations = 0
Number of Lagrangian Hessian evaluations             = 4
Total seconds in IPOPT (w/o function evaluations)    =      0.010
Total seconds in NLP function evaluations            =      0.005


Timing Statistics:

OverallAlgorithm....................:      0.015 (sys:      0.000 wall:      0.015)
 PrintProblemStatistics.............:      0.000 (sys:      0.000 wall:      0.000)
 InitializeIterates.................:      0.003 (sys:      0.000 wall:      0.003)
 UpdateHessian......................:      0.004 (sys:      0.000 wall:      0.004)
 OutputIteration....................:      0.000 (sys:      0.000 wall:      0.000)
 UpdateBarrierParameter.............:      0.000 (sys:      0.000 wall:      0.000)
 ComputeSearchDirection.............:      0.006 (sys:      0.000 wall:      0.006)
 ComputeAcceptableTrialPoint........:      0.000 (sys:      0.000 wall:      0.000)
 AcceptTrialPoint...................:      0.000 (sys:      0.000 wall:      0.000)
 CheckConvergence...................:      0.001 (sys:      0.000 wall:      0.001)
PDSystemSolverTotal.................:      0.006 (sys:      0.000 wall:      0.006)
 PDSystemSolverSolveOnce............:      0.006 (sys:      0.000 wall:      0.006)
 ComputeResiduals...................:      0.000 (sys:      0.000 wall:      0.000)
 StdAugSystemSolverMultiSolve.......:      0.009 (sys:      0.000 wall:      0.009)
 LinearSystemScaling................:      0.000 (sys:      0.000 wall:      0.000)
 LinearSystemSymbolicFactorization..:      0.001 (sys:      0.000 wall:      0.001)
 LinearSystemFactorization..........:      0.000 (sys:      0.000 wall:      0.000)
 LinearSystemBackSolve..............:      0.001 (sys:      0.000 wall:      0.001)
 LinearSystemStructureConverter.....:      0.000 (sys:      0.000 wall:      0.000)
  LinearSystemStructureConverterInit:      0.000 (sys:      0.000 wall:      0.000)
QualityFunctionSearch...............:      0.000 (sys:      0.000 wall:      0.000)
TryCorrector........................:      0.000 (sys:      0.000 wall:      0.000)
Task1...............................:      0.000 (sys:      0.000 wall:      0.000)
Task2...............................:      0.000 (sys:      0.000 wall:      0.000)
Task3...............................:      0.000 (sys:      0.000 wall:      0.000)
Task4...............................:      0.000 (sys:      0.000 wall:      0.000)
Task5...............................:      0.000 (sys:      0.000 wall:      0.000)
Task6...............................:      0.000 (sys:      0.000 wall:      0.000)
Function Evaluations................:      0.005 (sys:      0.000 wall:      0.005)
 Objective function.................:      0.000 (sys:      0.000 wall:      0.000)
 Objective function gradient........:      0.000 (sys:      0.000 wall:      0.000)
 Equality constraints...............:      0.000 (sys:      0.000 wall:      0.000)
 Inequality constraints.............:      0.000 (sys:      0.000 wall:      0.000)
 Equality constraint Jacobian.......:      0.001 (sys:      0.000 wall:      0.001)
 Inequality constraint Jacobian.....:      0.000 (sys:      0.000 wall:      0.000)
 Lagrangian Hessian.................:      0.004 (sys:      0.000 wall:      0.004)

EXIT: Optimal Solution Found.
Total number of variables............................:     1900
                     variables with only lower bounds:        0
                variables with lower and upper bounds:      600
                     variables with only upper bounds:        0
Total number of equality constraints.................:     1300
Total number of inequality constraints...............:        0
        inequality constraints with only lower bounds:        0
   inequality constraints with lower and upper bounds:        0
        inequality constraints with only upper bounds:        0


Number of Iterations....: 4

                                   (scaled)                 (unscaled)
Objective...............:   2.9657352779607248e-02    1.0996329200540042e+02
Dual infeasibility......:   1.9544192653153658e-11    7.2465798943670874e-08
Constraint violation....:   2.2204460492503131e-16    2.2204460492503131e-16
Variable bound violation:   0.0000000000000000e+00    0.0000000000000000e+00
Complementarity.........:   2.5076067840953538e-09    9.2976840881026246e-06
Overall NLP error.......:   2.5076067840953538e-09    9.2976840881026246e-06


Number of objective function evaluations             = 5
Number of objective gradient evaluations             = 5
Number of equality constraint evaluations            = 5
Number of inequality constraint evaluations          = 0
Number of equality constraint Jacobian evaluations   = 5
Number of inequality constraint Jacobian evaluations = 0
Number of Lagrangian Hessian evaluations             = 4
Total seconds in IPOPT (w/o function evaluations)    =      0.010
Total seconds in NLP function evaluations            =      0.005


Timing Statistics:

OverallAlgorithm....................:      0.015 (sys:      0.000 wall:      0.015)
 PrintProblemStatistics.............:      0.000 (sys:      0.000 wall:      0.000)
 InitializeIterates.................:      0.003 (sys:      0.000 wall:      0.003)
 UpdateHessian......................:      0.004 (sys:      0.000 wall:      0.004)
 OutputIteration....................:      0.000 (sys:      0.000 wall:      0.000)
 UpdateBarrierParameter.............:      0.000 (sys:      0.000 wall:      0.000)
 ComputeSearchDirection.............:      0.006 (sys:      0.000 wall:      0.006)
 ComputeAcceptableTrialPoint........:      0.000 (sys:      0.000 wall:      0.000)
 AcceptTrialPoint...................:      0.000 (sys:      0.000 wall:      0.000)
 CheckConvergence...................:      0.001 (sys:      0.000 wall:      0.001)
PDSystemSolverTotal.................:      0.006 (sys:      0.000 wall:      0.006)
 PDSystemSolverSolveOnce............:      0.006 (sys:      0.000 wall:      0.006)
 ComputeResiduals...................:      0.000 (sys:      0.000 wall:      0.000)
 StdAugSystemSolverMultiSolve.......:      0.009 (sys:      0.000 wall:      0.009)
 LinearSystemScaling................:      0.000 (sys:      0.000 wall:      0.000)
 LinearSystemSymbolicFactorization..:      0.001 (sys:      0.000 wall:      0.001)
 LinearSystemFactorization..........:      0.000 (sys:      0.000 wall:      0.000)
 LinearSystemBackSolve..............:      0.002 (sys:      0.000 wall:      0.002)
 LinearSystemStructureConverter.....:      0.000 (sys:      0.000 wall:      0.000)
  LinearSystemStructureConverterInit:      0.000 (sys:      0.000 wall:      0.000)
QualityFunctionSearch...............:      0.000 (sys:      0.000 wall:      0.000)
TryCorrector........................:      0.000 (sys:      0.000 wall:      0.000)
Task1...............................:      0.000 (sys:      0.000 wall:      0.000)
Task2...............................:      0.000 (sys:      0.000 wall:      0.000)
Task3...............................:      0.000 (sys:      0.000 wall:      0.000)
Task4...............................:      0.000 (sys:      0.000 wall:      0.000)
Task5...............................:      0.000 (sys:      0.000 wall:      0.000)
Task6...............................:      0.000 (sys:      0.000 wall:      0.000)
Function Evaluations................:      0.005 (sys:      0.000 wall:      0.005)
 Objective function.................:      0.000 (sys:      0.000 wall:      0.000)
 Objective function gradient........:      0.000 (sys:      0.000 wall:      0.000)
 Equality constraints...............:      0.000 (sys:      0.000 wall:      0.000)
 Inequality constraints.............:      0.000 (sys:      0.000 wall:      0.000)
 Equality constraint Jacobian.......:      0.001 (sys:      0.000 wall:      0.001)
 Inequality constraint Jacobian.....:      0.000 (sys:      0.000 wall:      0.000)
 Lagrangian Hessian.................:      0.004 (sys:      0.000 wall:      0.004)

EXIT: Optimal Solution Found.
Total number of variables............................:     1900
                     variables with only lower bounds:        0
                variables with lower and upper bounds:      600
                     variables with only upper bounds:        0
Total number of equality constraints.................:     1300
Total number of inequality constraints...............:        0
        inequality constraints with only lower bounds:        0
   inequality constraints with lower and upper bounds:        0
        inequality constraints with only upper bounds:        0


Number of Iterations....: 4

                                   (scaled)                 (unscaled)
Objective...............:   1.6556305423102130e-02    3.4346331054769500e+01
Dual infeasibility......:   2.5322452468223844e-12    5.2531848946123181e-09
Constraint violation....:   1.1102230246251565e-16    1.1102230246251565e-16
Variable bound violation:   0.0000000000000000e+00    0.0000000000000000e+00
Complementarity.........:   4.3826093154253987e-09    9.0917959402511148e-06
Overall NLP error.......:   4.3826093154253987e-09    9.0917959402511148e-06


Number of objective function evaluations             = 5
Number of objective gradient evaluations             = 5
Number of equality constraint evaluations            = 5
Number of inequality constraint evaluations          = 0
Number of equality constraint Jacobian evaluations   = 5
Number of inequality constraint Jacobian evaluations = 0
Number of Lagrangian Hessian evaluations             = 4
Total seconds in IPOPT (w/o function evaluations)    =      0.010
Total seconds in NLP function evaluations            =      0.005


Timing Statistics:

OverallAlgorithm....................:      0.015 (sys:      0.000 wall:      0.015)
 PrintProblemStatistics.............:      0.000 (sys:      0.000 wall:      0.000)
 InitializeIterates.................:      0.003 (sys:      0.000 wall:      0.003)
 UpdateHessian......................:      0.004 (sys:      0.000 wall:      0.004)
 OutputIteration....................:      0.000 (sys:      0.000 wall:      0.000)
 UpdateBarrierParameter.............:      0.000 (sys:      0.000 wall:      0.000)
 ComputeSearchDirection.............:      0.006 (sys:      0.000 wall:      0.006)
 ComputeAcceptableTrialPoint........:      0.000 (sys:      0.000 wall:      0.000)
 AcceptTrialPoint...................:      0.000 (sys:      0.000 wall:      0.000)
 CheckConvergence...................:      0.001 (sys:      0.000 wall:      0.001)
PDSystemSolverTotal.................:      0.006 (sys:      0.000 wall:      0.006)
 PDSystemSolverSolveOnce............:      0.006 (sys:      0.000 wall:      0.006)
 ComputeResiduals...................:      0.000 (sys:      0.000 wall:      0.000)
 StdAugSystemSolverMultiSolve.......:      0.009 (sys:      0.000 wall:      0.009)
 LinearSystemScaling................:      0.000 (sys:      0.000 wall:      0.000)
 LinearSystemSymbolicFactorization..:      0.001 (sys:      0.000 wall:      0.001)
 LinearSystemFactorization..........:      0.000 (sys:      0.000 wall:      0.000)
 LinearSystemBackSolve..............:      0.002 (sys:      0.000 wall:      0.002)
 LinearSystemStructureConverter.....:      0.000 (sys:      0.000 wall:      0.000)
  LinearSystemStructureConverterInit:      0.000 (sys:      0.000 wall:      0.000)
QualityFunctionSearch...............:      0.000 (sys:      0.000 wall:      0.000)
TryCorrector........................:      0.000 (sys:      0.000 wall:      0.000)
Task1...............................:      0.000 (sys:      0.000 wall:      0.000)
Task2...............................:      0.000 (sys:      0.000 wall:      0.000)
Task3...............................:      0.000 (sys:      0.000 wall:      0.000)
Task4...............................:      0.000 (sys:      0.000 wall:      0.000)
Task5...............................:      0.000 (sys:      0.000 wall:      0.000)
Task6...............................:      0.000 (sys:      0.000 wall:      0.000)
Function Evaluations................:      0.005 (sys:      0.000 wall:      0.005)
 Objective function.................:      0.000 (sys:      0.000 wall:      0.000)
 Objective function gradient........:      0.000 (sys:      0.000 wall:      0.000)
 Equality constraints...............:      0.000 (sys:      0.000 wall:      0.000)
 Inequality constraints.............:      0.000 (sys:      0.000 wall:      0.000)
 Equality constraint Jacobian.......:      0.001 (sys:      0.000 wall:      0.001)
 Inequality constraint Jacobian.....:      0.000 (sys:      0.000 wall:      0.000)
 Lagrangian Hessian.................:      0.004 (sys:      0.000 wall:      0.004)

EXIT: Optimal Solution Found.
Total number of variables............................:     1900
                     variables with only lower bounds:        0
                variables with lower and upper bounds:      600
                     variables with only upper bounds:        0
Total number of equality constraints.................:     1300
Total number of inequality constraints...............:        0
        inequality constraints with only lower bounds:        0
   inequality constraints with lower and upper bounds:        0
        inequality constraints with only upper bounds:        0


Number of Iterations....: 4

                                   (scaled)                 (unscaled)
Objective...............:   9.2431765319010394e-03    1.0715952719401795e+01
Dual infeasibility......:   4.4891521056023009e-13    5.2044382737698765e-10
Constraint violation....:   1.1102230246251565e-16    1.1102230246251565e-16
Variable bound violation:   0.0000000000000000e+00    0.0000000000000000e+00
Complementarity.........:   7.8416335062144564e-09    9.0910926136113192e-06
Overall NLP error.......:   7.8416335062144564e-09    9.0910926136113192e-06


Number of objective function evaluations             = 5
Number of objective gradient evaluations             = 5
Number of equality constraint evaluations            = 5
Number of inequality constraint evaluations          = 0
Number of equality constraint Jacobian evaluations   = 5
Number of inequality constraint Jacobian evaluations = 0
Number of Lagrangian Hessian evaluations             = 4
Total seconds in IPOPT (w/o function evaluations)    =      0.010
Total seconds in NLP function evaluations            =      0.005


Timing Statistics:

OverallAlgorithm....................:      0.015 (sys:      0.000 wall:      0.015)
 PrintProblemStatistics.............:      0.000 (sys:      0.000 wall:      0.000)
 InitializeIterates.................:      0.003 (sys:      0.000 wall:      0.003)
 UpdateHessian......................:      0.004 (sys:      0.000 wall:      0.004)
 OutputIteration....................:      0.000 (sys:      0.000 wall:      0.000)
 UpdateBarrierParameter.............:      0.000 (sys:      0.000 wall:      0.000)
 ComputeSearchDirection.............:      0.006 (sys:      0.000 wall:      0.006)
 ComputeAcceptableTrialPoint........:      0.000 (sys:      0.000 wall:      0.000)
 AcceptTrialPoint...................:      0.000 (sys:      0.000 wall:      0.000)
 CheckConvergence...................:      0.001 (sys:      0.000 wall:      0.001)
PDSystemSolverTotal.................:      0.006 (sys:      0.000 wall:      0.006)
 PDSystemSolverSolveOnce............:      0.006 (sys:      0.000 wall:      0.006)
 ComputeResiduals...................:      0.000 (sys:      0.000 wall:      0.000)
 StdAugSystemSolverMultiSolve.......:      0.009 (sys:      0.000 wall:      0.009)
 LinearSystemScaling................:      0.000 (sys:      0.000 wall:      0.000)
 LinearSystemSymbolicFactorization..:      0.001 (sys:      0.000 wall:      0.001)
 LinearSystemFactorization..........:      0.000 (sys:      0.000 wall:      0.000)
 LinearSystemBackSolve..............:      0.001 (sys:      0.000 wall:      0.001)
 LinearSystemStructureConverter.....:      0.000 (sys:      0.000 wall:      0.000)
  LinearSystemStructureConverterInit:      0.000 (sys:      0.000 wall:      0.000)
QualityFunctionSearch...............:      0.000 (sys:      0.000 wall:      0.000)
TryCorrector........................:      0.000 (sys:      0.000 wall:      0.000)
Task1...............................:      0.000 (sys:      0.000 wall:      0.000)
Task2...............................:      0.000 (sys:      0.000 wall:      0.000)
Task3...............................:      0.000 (sys:      0.000 wall:      0.000)
Task4...............................:      0.000 (sys:      0.000 wall:      0.000)
Task5...............................:      0.000 (sys:      0.000 wall:      0.000)
Task6...............................:      0.000 (sys:      0.000 wall:      0.000)
Function Evaluations................:      0.005 (sys:      0.000 wall:      0.005)
 Objective function.................:      0.000 (sys:      0.000 wall:      0.000)
 Objective function gradient........:      0.000 (sys:      0.000 wall:      0.000)
 Equality constraints...............:      0.000 (sys:      0.000 wall:      0.000)
 Inequality constraints.............:      0.000 (sys:      0.000 wall:      0.000)
 Equality constraint Jacobian.......:      0.001 (sys:      0.000 wall:      0.001)
 Inequality constraint Jacobian.....:      0.000 (sys:      0.000 wall:      0.000)
 Lagrangian Hessian.................:      0.004 (sys:      0.000 wall:      0.004)

EXIT: Optimal Solution Found.
Total number of variables............................:     1900
                     variables with only lower bounds:        0
                variables with lower and upper bounds:      600
                     variables with only upper bounds:        0
Total number of equality constraints.................:     1300
Total number of inequality constraints...............:        0
        inequality constraints with only lower bounds:        0
   inequality constraints with lower and upper bounds:        0
        inequality constraints with only upper bounds:        0


Number of Iterations....: 4

                                   (scaled)                 (unscaled)
Objective...............:   5.1864172079609536e-03    3.3584298947669278e+00
Dual infeasibility......:   1.3778561624988583e-13    8.9222157440825811e-11
Constraint violation....:   1.1102230246251565e-16    1.1102230246251565e-16
Variable bound violation:   0.0000000000000000e+00    0.0000000000000000e+00
Complementarity.........:   1.4039151556597843e-08    9.0909590174251967e-06
Overall NLP error.......:   1.4039151556597843e-08    9.0909590174251967e-06


Number of objective function evaluations             = 5
Number of objective gradient evaluations             = 5
Number of equality constraint evaluations            = 5
Number of inequality constraint evaluations          = 0
Number of equality constraint Jacobian evaluations   = 5
Number of inequality constraint Jacobian evaluations = 0
Number of Lagrangian Hessian evaluations             = 4
Total seconds in IPOPT (w/o function evaluations)    =      0.010
Total seconds in NLP function evaluations            =      0.005


Timing Statistics:

OverallAlgorithm....................:      0.015 (sys:      0.000 wall:      0.015)
 PrintProblemStatistics.............:      0.000 (sys:      0.000 wall:      0.000)
 InitializeIterates.................:      0.003 (sys:      0.000 wall:      0.003)
 UpdateHessian......................:      0.004 (sys:      0.000 wall:      0.004)
 OutputIteration....................:      0.000 (sys:      0.000 wall:      0.000)
 UpdateBarrierParameter.............:      0.000 (sys:      0.000 wall:      0.000)
 ComputeSearchDirection.............:      0.006 (sys:      0.000 wall:      0.006)
 ComputeAcceptableTrialPoint........:      0.000 (sys:      0.000 wall:      0.000)
 AcceptTrialPoint...................:      0.000 (sys:      0.000 wall:      0.000)
 CheckConvergence...................:      0.001 (sys:      0.000 wall:      0.001)
PDSystemSolverTotal.................:      0.006 (sys:      0.000 wall:      0.006)
 PDSystemSolverSolveOnce............:      0.006 (sys:      0.000 wall:      0.006)
 ComputeResiduals...................:      0.000 (sys:      0.000 wall:      0.000)
 StdAugSystemSolverMultiSolve.......:      0.009 (sys:      0.000 wall:      0.009)
 LinearSystemScaling................:      0.000 (sys:      0.000 wall:      0.000)
 LinearSystemSymbolicFactorization..:      0.001 (sys:      0.000 wall:      0.001)
 LinearSystemFactorization..........:      0.000 (sys:      0.000 wall:      0.000)
 LinearSystemBackSolve..............:      0.002 (sys:      0.000 wall:      0.002)
 LinearSystemStructureConverter.....:      0.000 (sys:      0.000 wall:      0.000)
  LinearSystemStructureConverterInit:      0.000 (sys:      0.000 wall:      0.000)
QualityFunctionSearch...............:      0.000 (sys:      0.000 wall:      0.000)
TryCorrector........................:      0.000 (sys:      0.000 wall:      0.000)
Task1...............................:      0.000 (sys:      0.000 wall:      0.000)
Task2...............................:      0.000 (sys:      0.000 wall:      0.000)
Task3...............................:      0.000 (sys:      0.000 wall:      0.000)
Task4...............................:      0.000 (sys:      0.000 wall:      0.000)
Task5...............................:      0.000 (sys:      0.000 wall:      0.000)
Task6...............................:      0.000 (sys:      0.000 wall:      0.000)
Function Evaluations................:      0.005 (sys:      0.000 wall:      0.005)
 Objective function.................:      0.000 (sys:      0.000 wall:      0.000)
 Objective function gradient........:      0.000 (sys:      0.000 wall:      0.000)
 Equality constraints...............:      0.000 (sys:      0.000 wall:      0.000)
 Inequality constraints.............:      0.000 (sys:      0.000 wall:      0.000)
 Equality constraint Jacobian.......:      0.001 (sys:      0.000 wall:      0.001)
 Inequality constraint Jacobian.....:      0.000 (sys:      0.000 wall:      0.000)
 Lagrangian Hessian.................:      0.004 (sys:      0.000 wall:      0.004)

EXIT: Optimal Solution Found.
